%YAML:1.0
---
intriMat: !!opencv-matrix
   rows: 3
   cols: 3
   dt: d
   data: [ 9.5779175125030577e+02, 0., 6.2899877168900184e+02, 0.,
       9.5779175125030577e+02, 3.7602237534503558e+02, 0., 0., 1. ]
distCoeff: !!opencv-matrix
   rows: 5
   cols: 1
   dt: d
   data: [ -1.3151731085792068e-01, 1.0339061796463871e+00,
       8.2768814819594015e-04, 3.7086556167016276e-03,
       -2.2085332692842026e+00 ]
